7.514660
1.034703
1.537404
6.151503
6.111930
3.950864
-5.033141
-4.764872
5.261605
-2.057672
2.888051
5.236079
0.999724
3.853797
-3.482757
-2.444937
2.271267
-0.031504
1.967595
0.062211
1.927845
5.259793
6.858741
3.375164
10.724710
-2.562262
4.993183
-0.220980
-1.274345
-3.459501
-3.061576
-0.140852
4.172710
-3.162189
-2.178175
1.866903
6.674950
4.320558
0.931390
-1.305934
2.700790
-2.700699
3.326081
7.024663
3.234659
-2.009932
-0.385363
-3.422365
2.461816
-1.599425
-11.923190
-2.224961
-3.664068
3.277288
-4.193285
0.346609
3.109645
3.660723
-2.332640
1.340437
1.205283
7.432937
1.873204
1.957506
5.172705
9.084419
2.587083
-6.333454
6.896559
0.567001
-4.705846
4.672213
5.576696
2.847013
1.954324
1.292747
-2.073799
-2.896379
3.860698
-2.102692
-0.345511
-0.541118
-4.610665
0.626254
2.311978
5.308425
5.322292
7.261649
2.167869
-0.832167
8.746702
0.789444
2.074253
0.090708
4.270876
2.187823
-1.270058
3.154675
1.441101
0.382290
1.168077
1.092709
-10.160685
3.299397
-3.900634
1.824668
3.152715
4.637677
2.706699
0.514437
-3.398803
3.872638
5.978299
-2.295419
0.516466
9.188815
1.773022
3.799408
4.796302
2.964844
3.377379
2.180812
-2.573190
2.464564
-3.223256
-3.006738
0.305928
0.486650
0.242063
3.270159
0.409369
3.903635
2.850039
-3.307331
3.016208
0.456625
6.256696
-10.257293
6.581760
-2.299947
0.390900
0.103051
0.246274
0.551327
7.192037
-2.013457
-0.662564
3.162820
-1.141017
3.824891
9.547085
5.511971
-7.026247
-4.015559
1.121028
2.137062
-2.210454
-2.756382
-3.339553
4.482762
-2.987317
3.404290
4.052372
-5.127352
-1.008086
-1.577067
1.637946
4.015500
-0.132697
4.646348
1.278572
-0.814774
1.523702
2.234276
-0.912010
-2.997516
1.922093
4.961079
2.054756
-1.681336
3.785511
0.600246
1.637743
-5.263138
-1.655489
6.677459
1.034232
-5.213858
8.324322
-1.655290
7.600111
9.286903
11.089300
-0.885254
9.236795
-0.896210
-4.138281
-1.380221
9.101861
5.286961
2.892831
-3.444424
-2.309927
-7.307203
3.809467
1.844317
-2.900130
-2.460840
0.954498
-0.032082
-3.958347
1.902805
5.503501
-4.841830
-0.761764
-1.769578
2.857978
0.466299
2.221755
-2.055476
-2.899094
5.843963
1.114637
0.555453
4.471718
-0.726248
-6.790185
-2.828284
0.274975
1.976343
-1.671313
1.451212
5.944778
3.306425
0.376891
3.373215
2.937220
-1.703022
1.699869
3.057182
0.318716
1.215066
4.764128
0.510857
1.771665
1.697858
3.515777
2.474148
0.753324
4.158199
7.530826
-1.745900
1.419624
2.490806
-6.122700
-4.072219
2.529774
-2.325525
4.847243
-1.322596
-1.382043
2.147131
-0.054898
1.031330
8.755907
-4.359345
2.152530
-2.745772
-3.265774
-3.051886
3.916653
4.284460
0.699796
0.987050
2.589855
3.335291
1.741469
2.545825
-0.375781
2.918882
5.063966
-4.943101
0.596705
1.064612
2.852117
-0.119743
-4.670929
-2.352615
4.382730
1.369554
4.429847
0.525105
0.886154
0.677563
0.896248
-3.747784
2.355364
-2.997095
4.414613
-0.925132
1.152321
-2.267061
2.902693
1.076650
-1.012737
3.725880
5.278802
2.800944
5.128721
1.350178
4.707240
1.176293
-5.253472
0.740379
-2.017854
0.188046
-0.145142
-2.926257
-4.657285
-1.072429
1.235708
1.168427
5.517295
2.554557
-8.046243
-1.377362
2.968257
3.102776
1.044159
4.460369
6.444038
0.746383
-1.750323
-2.191352
4.571334
1.848586
1.477674
2.239055
2.107675
1.004145
-0.795571
2.319467
-1.744370
7.795628
-4.740528
3.409210
2.541641
3.925819
3.078118
0.019924
1.166572
0.405940
3.866730
-3.047765
-3.279371
-8.188199
1.593410
2.315015
-5.739980
3.650877
4.452801
-3.687653
0.464868
-1.325351
4.955630
0.708674
8.659891
2.130982
0.123749
-1.317405
1.374771
7.379444
-12.317881
0.714468
11.670324
-0.368113
7.116144
1.893090
1.828978
2.299550
2.088306
4.921346
5.372903
0.082202
9.260453
5.171489
2.303789
8.720642
-1.267007
-1.679444
-10.991568
2.299069
-4.513406
-0.305003
1.115322
2.726161
-2.979375
3.069837
6.131100
-0.199079
-1.891110
0.049516
9.847535
-1.375434
0.195016
-3.300011
-6.937331
-0.056622
-3.009688
-0.231697
3.149307
-1.894871
1.208760
3.544771
7.407145
0.268028
-1.604792
2.793416
2.158695
2.030850
-1.886033
2.456430
-1.854023
-5.939260
0.518218
7.495360
1.542028
0.776407
-4.987523
3.457122
2.385459
4.554041
3.180305
0.112908
-3.504328
0.330852
7.905649
-4.053014
1.099807
1.931519
1.734400
-2.068444
-5.700906
-3.444509
7.640643
0.643941
0.770445
5.744867
-2.016284
3.616787
-0.712267
5.705020
7.474151
-6.177152
4.348245
-4.306144
0.793996
-0.928004
-2.429754
3.328319
-1.261219
1.730849
-1.299391
4.042175
10.008059
6.733993
7.871655
0.341682
-2.889996
-1.610416
2.778988
-1.995548
2.831627
-5.317025
-0.219016
-3.280891
-1.470184
5.461540
2.503954
4.323705
6.393311
-0.511977
1.926442
0.780031
1.391387
6.439797
-0.505602
-0.454812
1.826886
2.592148
1.745476
1.249524
14.571972
-3.692883
3.000143
-10.568015
-2.640424
2.968997
7.811010
1.371842
8.776707
-2.747442
1.959706
2.450367
-2.604517
1.897612
2.226263
1.838774
-0.692623
0.522620
7.092498
1.117970
3.708182
0.599098
5.063067
1.813021
3.409613
0.156188
7.122580
3.644218
4.030769
-0.370265
0.683667
-6.375106
2.991212
5.551488
0.616482
0.643081
-8.334363
-2.008844
-1.193945
2.983561
1.817692
-3.297412
4.528511
-4.873784
5.698037
0.037264
1.976773
3.066952
-2.689193
-6.804476
-3.362197
5.259350
4.069732
6.675755
0.560479
-0.573413
0.591934
-2.401811
1.436491
-2.766401
-0.627546
-6.445750
-1.495232
0.218742
5.019853
7.397991
2.088061
5.653315
-1.507985
2.595299
3.387932
2.390243
2.971738
4.568669
1.746248
0.660202
1.817356
-0.888924
-5.562359
2.502024
1.348809
-1.451760
-2.970202
0.026642
-1.340528
-2.541810
-0.756764
-1.701380
8.638109
0.437983
-1.627058
3.827268
2.624287
-1.995986
-1.059466
0.096999
-4.186776
3.216348
-0.278241
-1.469215
-0.086850
-0.083115
4.132701
-3.216052
1.311333
1.703581
-4.631901
1.544622
3.835407
-6.442848
6.200289
5.744264
1.018242
3.429163
0.756575
-3.535863
6.179288
6.755468
-2.170335
4.527930
1.702411
-0.350614
-5.048096
2.427578
-2.058083
0.033090
3.697769
-0.860665
-3.961240
0.838799
-0.098498
1.948708
8.209472
9.494601
5.037219
-0.588777
0.057106
-7.624551
1.622566
6.197028
0.512162
1.846826
-6.987509
2.801246
2.238547
-3.549745
-0.533437
2.178786
-1.309932
-3.736133
2.961428
-1.105456
-3.487892
1.280472
-0.182191
-7.409751
-0.125769
2.339575
1.853380
-1.136590
-5.648494
1.182831
2.895326
4.324883
4.477731
10.837235
4.070772
5.822253
-3.695794
-4.419961
-2.988472
0.383856
5.170011
2.742588
1.331015
4.629723
2.254515
1.949219
5.087040
0.117036
2.744827
3.017681
3.617130
-2.231968
-4.715188
-3.748089
4.284778
2.987223
-0.763235
-0.236259
-0.929316
3.359792
6.497173
0.345496
0.054169
-0.269711
-1.284268
2.164142
3.811825
1.512910
0.611564
-2.747375
-0.349234
1.807753
2.601798
-1.229419
3.817451
4.722782
-6.275292
-1.798678
-1.139296
1.071047
-0.841231
1.598823
4.599642
1.273768
-2.030912
-8.202940
1.815987
7.335251
-2.120778
1.110993
3.326915
-2.553975
5.280650
-0.866839
-1.198102
6.335147
3.664468
-6.479876
2.169368
-0.083558
2.202486
-2.317150
4.155331
1.805677
3.022725
-1.039215
5.873226
4.138896
-4.006292
3.043405
9.882295
-5.954956
-3.092050
-5.024524
7.647536
-0.067432
-3.808417
-5.001922
-4.510734
6.930606
-1.401860
5.856230
9.295501
-0.062538
3.887885
-5.391461
0.151581
0.466266
10.729791
-1.674345
0.801807
-6.996605
-4.855247
5.443001
1.077185
8.670732
4.400030
-1.981127
-2.584825
5.397243
-1.275821
1.667229
9.706834
-1.091773
1.029594
-4.473794
-8.864999
-2.723622
7.873743
5.733159
1.912114
7.674784
-1.446890
1.951850
-6.085573
-4.965849
-2.913866
-1.813944
1.837351
1.475702
0.289662
-2.415977
0.472124
7.041171
-0.263785
1.450864
6.778370
-2.402917
11.030160
3.196429
0.933533
2.251406
-0.644009
-0.637766
-1.187702
3.467247
-0.606990
2.196710
-0.946929
-6.265079
2.714913
-0.669893
1.272055
-5.499891
9.204257
0.146833
2.238357
-2.638857
-1.000734
4.917721
2.271060
-1.259345
-1.980110
3.442329
0.271331
0.228763
-0.887268
2.316590
7.389711
2.692551
-0.745666
2.504531
-1.462291
8.330168
6.760350
2.289512
-5.753425
7.396054
-2.122253
-0.004386
-6.085436
0.007261
3.878401
4.887198
0.795770
2.415532
0.314877
2.427585
-5.531418
0.100989
-0.919978
-0.472301
-0.589072
-4.009045
1.201678
4.095602
-8.418935
-7.168938
0.975630
-1.278514
1.853297
5.221522
1.163713
4.721082
2.951515
-1.490132
1.017725
-4.338440
2.002515
-3.390283
3.787897
1.426908
11.805914
-0.129957
-3.930909
-0.084537
2.900388
-5.394728
-0.764649
8.489161
2.404448
3.308085
0.415307
4.768059
12.260878
0.504471
1.863036
-3.534080
5.033011
2.498859
4.912371
2.063435
-1.585442
5.215232
3.377876
2.652576
5.606265
3.356530
3.096701
-4.360406
4.718452
-1.252559
-1.465709
-1.556679
-2.494468
-2.781531
-1.821542
0.921972
-2.128351
1.935481
-4.964853
-0.133805
8.071367
2.317206
-2.772420
-7.821414
1.882875
0.069350
-3.466284
1.147912
-2.109118
-0.074504
2.077309
-0.699217
2.910403
-7.533326
3.044725
-3.112723
-0.877621
2.264177
4.025741
1.919862
1.090582
4.260177
2.424919
-2.523289
7.293921
2.847102
2.570548
1.260576
-9.774729
0.618904
-0.680552
2.229486
0.270707
2.468292
2.307184
6.279573
5.002129
-3.193069
-1.333149
-1.596927
-2.996498
2.977715
-2.289025
7.551768
-5.331132
6.507176
3.394259
3.658294
2.096290
-1.568580
0.435693
-0.679730
3.216323
0.018144
2.991561
-4.906266
1.034741
5.154006
7.507365
-3.734220
0.651640
7.690150
-0.657256
2.810427
3.453993
1.295457
6.817075
1.067668
-1.520624
6.465823
-0.113586
3.690555
2.765914
-1.257282
4.662974
-2.201869
-4.851536
-2.276497
1.944888
-6.487418
0.443354
-0.772246
0.891979
4.154729
0.850583
0.463926
-3.229800
7.913828
-3.243155
-2.998839
0.170291
5.427583
2.070883
4.218888
